$orca_hessian_file

$hessian
9
         0         1         2         3         4
    0            0.4259802338922627         -0.21634454616208454         -0.7130122245848629         -0.32349747387562017         -0.020458813775856656
    1            -0.21634454616208454         1.7784649497754221         0.2721469143631521         0.060716361062311514         -0.1483649167106248
    2            -0.7130122245848629         0.2721469143631521         1.6520624767189847         0.6636729466349778         0.08900094182494775
    3            -0.32349747387562017         0.060716361062311514         0.6636729466349778         0.3267932990608881         -0.04449026043464001
    4            -0.020458813775856656         -0.1483649167106248         0.08900094182494775         -0.04449026043464001         0.16549046232938167
    5            0.6406021132010651         -0.08875276978193464         -1.4075251474081885         -0.6629995366560346         0.06280428213994206
    6            -0.05276263407362293         0.14318073422761524         0.08025383368453445         -0.013338695805631039         0.07119793449709336
    7            0.24012545869702404         -1.643395578801341         -0.36544620372229786         -0.015159120380036271         -0.018402202901874963
    8            0.07260237679994383         -0.18014740618176078         -0.18634655796015964         0.02337342707648412         -0.15456765312389836
         5         6         7         8
    0            0.6406021132010651         -0.05276263407362293         0.24012545869702404         0.07260237679994383
    1            -0.08875276978193464         0.14318073422761524         -1.643395578801341         -0.18014740618176078
    2            -1.4075251474081885         0.08025383368453445         -0.36544620372229786         -0.18634655796015964
    3            -0.6629995366560346         -0.013338695805631039         -0.015159120380036271         0.02337342707648412
    4            0.06280428213994206         0.07119793449709336         -0.018402202901874963         -0.15456765312389836
    5            1.433761298606365         0.01717929764365985         0.028120400521492638         -0.03684327862993905
    6            0.01717929764365985         0.07085506495696177         -0.23094224462053523         -0.09920661354121776
    7            0.028120400521492638         -0.23094224462053523         1.697065316728787         0.33236418751177654
    8            -0.03684327862993905         -0.09920661354121776         0.33236418751177654         0.21426329369091446

# The atoms: label  mass x y z (in bohrs)
$atoms
5
 O    1.00794  3.732560586838546 -1.4238991869018462 3.7792179248760993
 H    35.45  2.9499720859549465 -1.401753486437606 5.452810404186939
 H    15.9994  3.962842612486837 -3.2244699234866996 3.437799216063508


