9 9
0.4259659939141531 -0.21633381850478686 -0.7129247072492417 -0.32348773843868506 -0.02045488631875842 0.6405967357130933 -0.05275858555742702 0.24014079302795024 0.07260827637759351
-0.21633381850478686 1.7785268648974162 0.2722510491132925 0.06070733733859673 -0.14835972902474862 -0.08872477727606456 0.14318602797411678 -1.643417338727766 -0.180147765073776
-0.7129247072492417 0.2722510491132925 1.6519240029665614 0.6636064580502581 0.08899452408579148 -1.4074247928087225 0.0802515576663661 -0.3655682661106428 -0.18637402784069207
-0.32348773843868506 0.06070733733859673 0.6636064580502581 0.3267861837142176 -0.044493177101838574 -0.6629960280848407 -0.013341174124621921 -0.015170072835864854 0.02336903555951144
-0.02045488631875842 -0.14835972902474862 0.08899452408579148 -0.044493177101838574 0.16548914496356648 0.0628086274116252 0.07119763024236997 -0.01840764324058773 -0.1545685828506264
0.6405967357130933 -0.08872477727606456 -1.4074247928087225 -0.6629960280848407 0.0628086274116252 1.4337661516834665 0.017183351873559495 0.02812555517501914 -0.03683863124617143
-0.05275858555742702 0.14318602797411678 0.0802515576663661 -0.013341174124621921 0.07119763024236997 0.017183351873559495 0.07085436467114892 -0.2309470410962594 -0.09920749345159147
0.24014079302795024 -1.643417338727766 -0.3655682661106428 -0.015170072835864854 -0.01840764324058773 0.02812555517501914 -0.2309470410962594 1.6970498715162978 0.3323571567993424
0.07260827637759351 -0.180147765073776 -0.18637402784069207 0.02336903555951144 -0.1545685828506264 -0.03683863124617143 -0.09920749345159147 0.3323571567993424 0.21426020543405092
